points = [0.0457113 0.358525 4.11734
0.0580824 -0.732026 4.87054
0.0580824 -0.732026 4.87054
0.0625516 -0.725519 4.86798
0.0570449 0.00799155 4.28438
0.0573108 -0.0849566 4.27677
0.0656833 -0.731244 4.87392
0.0570401 0.305196 4.22716
0.0570401 0.305196 4.22716
0.0578155 0.219414 4.24419
0.0581746 0.455734 4.1972
0.0581746 0.455734 4.1972
0.0596426 -0.00995412 4.283
0.0618558 -0.085445 4.27526
0.0763043 -0.73064 4.88134
0.0686099 0.428943 4.18971
0.07778 -0.15403 4.3479
0.0801946 -0.145695 4.33987
0.0937621 -0.841469 4.94911
0.0822053 -0.0120651 4.2943
0.0764792 0.986756 3.71355
0.0931795 -0.342882 4.49169
0.0970557 0.567055 4.17938
0.104819 -0.15539 4.35171
0.117756 -0.254733 4.45603
0.111573 0.374994 4.21951
0.112158 0.45935 4.18294
0.133726 -0.689755 4.87468
0.53096 1.64713 18.8962
0.13936 -0.692121 4.87944
0.120233 0.370972 4.1755
0.125248 -0.00563754 4.31669
0.125248 -0.00563754 4.31669
0.128218 -0.087167 4.30159
0.128218 -0.087167 4.30159
-0.720373 -6.40884 -23.5353
0.128524 0.365377 4.17377
0.128524 0.365377 4.17377
0.134721 -0.15307 4.35611
0.129377 0.526944 4.18194
0.1214 0.987646 3.81344
0.137345 0.455652 4.19694
0.13754 0.357035 4.12511
0.146975 -0.148395 4.36404
0.146975 -0.148395 4.36404
0.142365 0.374344 4.19833
0.153372 -0.198631 4.37816
0.146914 0.372358 4.17452
0.17207 -0.672674 4.88292
0.185867 -0.822217 5.11782
0.140711 0.983759 3.80482
0.140711 0.983759 3.80482
0.162484 -0.212536 4.38551
0.160803 0.0303658 4.3214
0.143778 0.984804 3.83618
0.158617 0.37763 4.22241
0.166048 -0.271388 4.39818
0.137882 0.958375 3.63902
0.165237 0.0887312 4.31634
0.191263 -0.639002 4.85954
0.151511 0.97769 3.83452
0.169927 0.338698 4.26973
0.178754 -0.0692217 4.32595
0.211261 -0.834584 5.07978
0.211261 -0.834584 5.07978
0.210717 -0.747512 5.02205
0.203073 -0.606223 4.83565
0.182932 0.0241221 4.34157
0.219881 -0.822909 5.07766
0.193158 -0.348008 4.41844
0.221742 -0.831066 5.06097
0.214757 -0.607626 4.84114
0.169133 1.01037 3.80116
0.222935 -0.590677 4.82858
0.223747 -0.580722 4.82931
0.200152 0.488174 4.26765
0.238351 -0.808222 5.05215
0.199713 0.534766 4.23355
0.204051 0.167767 4.31906
0.212181 -0.37984 4.43764
0.212956 -0.375165 4.43583
0.204139 0.844949 4.22743
0.212953 -0.0747796 4.34168
0.183418 0.991393 3.7306
0.212248 0.639961 4.25957
0.212919 0.624278 4.26972
0.242014 -0.549628 4.80913
0.214012 0.640212 4.20605
0.221243 0.164183 4.33933
0.221243 0.164183 4.33933
0.186504 0.898637 3.65668
0.231019 -0.223823 4.44896
0.231019 -0.223823 4.44896
0.231431 -0.240913 4.45466
0.183634 0.928212 3.52423
0.231911 -0.224428 4.44846
0.228495 -0.026732 4.36255
0.240172 -0.248033 4.45749
0.241477 -0.458639 4.47266
0.232068 0.48393 4.26087
0.23524 0.856337 4.23797
0.248163 -0.275122 4.46287
0.243759 0.147719 4.37641
0.191793 0.905666 3.42604
0.252508 -0.460989 4.46628
0.251502 0.153303 4.38023
0.290093 -0.849229 5.01838
0.290093 -0.849229 5.01838
0.286961 -0.610882 4.95377
0.289549 -0.775322 4.99637
0.246869 0.479599 4.25477
0.252821 0.312211 4.34926
0.291183 -0.70225 4.98022
0.290426 -0.667292 4.96586
0.291093 -0.599424 4.9566
0.294152 -0.82438 5.00802
0.29905 -0.83784 5.0073
0.268526 -0.397987 4.46126
0.268097 -0.377994 4.45275
0.236988 0.951556 3.89879
0.236988 0.951556 3.89879
0.306881 -0.798943 5.01156
0.307255 -0.764236 5.00134
0.30681 -0.718273 4.99138
0.306295 -0.661277 4.97916
0.219893 0.94259 3.55046
0.269138 0.621533 4.29673
0.315636 -0.850425 5.0243
0.269763 0.629319 4.29296
0.269763 0.629319 4.29296
0.317739 -0.814644 5.01464
0.318101 -0.74775 5.00162
0.318571 -0.764057 5.00651
0.321315 -0.822328 5.01945
0.32091 -0.79602 5.01197
0.275973 0.574614 4.30726
0.278568 0.204273 4.34611
0.247398 0.972363 3.84281
0.32243 -0.752844 5.00125
0.322661 -0.722916 5.00155
0.324993 -0.840428 5.02224
0.329158 -0.828138 5.02194
0.287798 0.12545 4.38299
0.330655 -0.856934 5.03335
0.327226 -0.52442 4.95813
0.332774 -0.854338 5.01628
0.332774 -0.854338 5.01628
0.287472 0.537612 4.2914
0.336537 -0.848665 5.02154
0.288842 0.641233 4.3082
0.225491 0.88329 3.3554
0.291213 0.6222 4.30906
0.304534 -0.375208 4.46858
0.301499 -0.0570229 4.38778
0.298731 0.605652 4.31527
0.309704 -0.371146 4.46933
0.302619 0.61308 4.31368
0.302494 0.641323 4.30462
0.309327 -0.0102212 4.3854
0.30652 0.624237 4.31629
0.306704 0.632641 4.31136
0.306704 0.632641 4.31136
0.365251 -0.65913 5.116
0.320018 -0.145115 4.44234
0.247255 0.906253 3.41531
0.320263 -0.062468 4.38923
0.252319 0.907658 3.4334
0.327583 -0.0542576 4.3986
0.320802 0.866115 4.27672
0.331707 0.220067 4.36963
0.332325 0.243822 4.3659
0.333075 0.269652 4.36214
0.332021 0.340297 4.34418
0.343103 -0.252374 4.47919
0.343801 -0.285853 4.48758
0.340053 -0.0695279 4.4003
0.348457 -0.256223 4.48539
0.33638 0.551721 4.30349
0.314311 0.935013 4.01917
0.346371 0.0430679 4.40568
0.339143 0.492931 4.29535
0.280084 0.940708 3.54454
0.336866 0.927843 4.24941
0.360391 -0.15563 4.46798
0.254409 0.833959 3.14568
0.356485 -0.0804619 4.40019
0.358875 0.535969 4.32619
0.370823 -0.150715 4.47102
0.373718 -0.135659 4.4667
0.430702 -0.632174 5.12931
0.362767 0.62194 4.30923
0.391005 -0.288855 4.64356
0.386812 -0.055674 4.4199
0.406921 1.18272 4.61064
0.308928 0.916952 3.49216
0.286084 0.854599 3.22352
0.380741 0.404175 4.28965
0.380741 0.404175 4.28965
0.393243 -0.0617851 4.42322
0.397891 0.0237173 4.44273
0.397891 0.0237173 4.44273
0.467545 -0.68431 5.17323
0.38942 0.731331 4.29297
0.38942 0.731331 4.29297
0.403199 0.0383318 4.43394
0.307271 0.829402 3.3694
0.37409 0.944267 4.06279
0.362302 0.934686 3.90749
0.315392 0.889771 3.3554
0.406413 0.38971 4.29286
0.516818 -0.638352 5.17968
0.445825 -0.0403724 4.44899
0.447152 -0.0547229 4.45296
0.452028 -0.00587919 4.46913
0.527611 -0.67742 5.20659
0.407295 0.945759 4.00117
0.454644 -0.0878263 4.46279
0.456588 0.0992417 4.45698
0.458831 0.035619 4.46836
0.458913 0.268337 4.42469
0.461794 0.192594 4.43901
0.464788 -0.0909327 4.45477
0.543849 -0.641772 5.19854
0.422385 1.01381 4.03494
0.478432 0.0324972 4.48227
0.233279 0.624662 2.18413
0.478785 0.0838527 4.47256
0.482579 0.0176966 4.48433
0.486182 0.00376539 4.4883
0.567265 -0.659779 5.22161
0.570671 -0.644212 5.21607
0.492519 0.159169 4.45869
0.487189 0.518888 4.38287
0.4934 0.293169 4.43395
0.498322 -0.0743535 4.46987
0.496725 0.526706 4.38602
0.593304 -0.666713 5.21603
1.36585 3.24717 11.9717
0.505343 0.384996 4.42221
0.505343 0.384996 4.42221
0.515766 -0.0323208 4.48832
0.508466 0.499953 4.39617
0.60679 -0.655418 5.23935
0.542545 -0.19868 4.68495
0.604397 -0.609441 5.19755
0.610617 -0.627485 5.22743
0.613158 -0.633078 5.22753
0.561593 -0.218088 4.68839
0.577489 0.0454611 4.63087
0.587948 -0.204204 4.70498
0.594706 -0.220579 4.70865
0.585731 0.157404 4.63011
0.426285 0.820296 3.35599
0.59895 -0.214072 4.70897
0.593915 0.00930115 4.63474
0.598997 0.0412005 4.65934
0.597322 0.316608 4.63869
0.605517 0.221387 4.65749
0.54543 0.905258 4.17124
0.608796 0.00901947 4.64878
0.694833 -0.642991 5.28014
0.588335 0.95353 4.46792
0.690572 -0.590057 5.23445
0.615671 0.305415 4.64675
0.607639 0.618679 4.55044
0.610864 0.718426 4.56546
0.628945 0.00121739 4.65917
0.617246 0.717655 4.5704
0.640416 -0.180551 4.73142
0.619326 0.4054 4.56657
0.610059 0.959562 4.49607
0.616773 0.889047 4.53741
0.720861 -0.619152 5.27388
0.643074 0.015759 4.65699
0.636848 0.705402 4.5807
0.627687 0.961826 4.5072
0.352025 0.682059 2.51894
0.666942 -0.214751 4.73792
0.742717 -0.595637 5.267
0.74845 -0.609989 5.28326
-3.80844 -6.28881 -26.8535
0.649818 0.611865 4.56584
0.667121 0.0855763 4.67475
0.63222 0.933956 4.40467
0.671951 -0.017011 4.6733
0.370658 0.694712 2.56661
0.665155 0.533114 4.57903
0.675255 0.457636 4.60958
0.672769 0.533166 4.59077
0.345188 0.637296 2.34603
0.691476 0.0202958 4.67908
0.686517 0.535945 4.60388
0.700365 0.0972333 4.68416
0.701163 0.173347 4.67898
0.701163 0.173347 4.67898
0.679034 0.952751 4.53103
0.688014 0.557372 4.59047
0.705005 0.0188542 4.69276
0.702509 0.294472 4.65857
0.702619 0.359434 4.64573
0.697803 0.473191 4.60448
0.710642 0.201003 4.68416
