<?xml version="1.0"?>
<opencv_storage>
<R_0 type_id="opencv-matrix">
  <rows>3</rows>
  <cols>3</cols>
  <dt>f</dt>
  <data>
    1. 0. 0. 0. 1. 0. 0. 0. 1.</data></R_0>
<t_0 type_id="opencv-matrix">
  <rows>3</rows>
  <cols>1</cols>
  <dt>f</dt>
  <data>
    0. 0. 0.</data></t_0>
<R_1 type_id="opencv-matrix">
  <rows>3</rows>
  <cols>3</cols>
  <dt>f</dt>
  <data>
    9.93991315e-01 -1.15180863e-02 -1.08851396e-01 1.59941129e-02
    9.99058127e-01 4.03372981e-02 1.08284265e-01 -4.18359041e-02
    9.93239284e-01</data></R_1>
<t_1 type_id="opencv-matrix">
  <rows>3</rows>
  <cols>1</cols>
  <dt>f</dt>
  <data>
    3.46529484e-01 -3.06618493e-02 -8.17260891e-02</data></t_1>
<R_2 type_id="opencv-matrix">
  <rows>3</rows>
  <cols>3</cols>
  <dt>f</dt>
  <data>
    9.71165657e-01 -4.72122915e-02 -2.33684227e-01 6.06096983e-02
    9.96884167e-01 5.04820906e-02 2.30572715e-01 -6.31899983e-02
    9.71001148e-01</data></R_2>
<t_2 type_id="opencv-matrix">
  <rows>3</rows>
  <cols>1</cols>
  <dt>f</dt>
  <data>
    8.79918277e-01 -3.83052751e-02 -1.61197662e-01</data></t_2>
<R_3 type_id="opencv-matrix">
  <rows>3</rows>
  <cols>3</cols>
  <dt>f</dt>
  <data>
    9.96253073e-01 1.34644296e-03 8.64754617e-02 -4.57028905e-03
    9.99301374e-01 3.70933227e-02 -8.63650963e-02 -3.73495556e-02
    9.95563209e-01</data></R_3>
<t_3 type_id="opencv-matrix">
  <rows>3</rows>
  <cols>1</cols>
  <dt>f</dt>
  <data>
    -2.22620055e-01 3.13390105e-04 1.29065262e-02</data></t_3>
<R_4 type_id="opencv-matrix">
  <rows>3</rows>
  <cols>3</cols>
  <dt>f</dt>
  <data>
    9.73620296e-01 1.08837942e-02 2.27914497e-01 -1.49318920e-02
    9.99759793e-01 1.60446763e-02 -2.27685124e-01 -1.90246161e-02
    9.73548949e-01</data></R_4>
<t_4 type_id="opencv-matrix">
  <rows>3</rows>
  <cols>1</cols>
  <dt>f</dt>
  <data>
    -5.95180213e-01 1.62386689e-02 1.11034155e-01</data></t_4>
<R_5 type_id="opencv-matrix">
  <rows>3</rows>
  <cols>3</cols>
  <dt>f</dt>
  <data>
    9.50954258e-01 2.08323933e-02 3.08629215e-01 -3.18612307e-02
    9.99019563e-01 3.07378732e-02 -3.07686269e-01 -3.90636176e-02
    9.50685620e-01</data></R_5>
<t_5 type_id="opencv-matrix">
  <rows>3</rows>
  <cols>1</cols>
  <dt>f</dt>
  <data>
    -9.09315109e-01 1.62631404e-02 1.74795449e-01</data></t_5>
<R_6 type_id="opencv-matrix">
  <rows>3</rows>
  <cols>3</cols>
  <dt>f</dt>
  <data>
    9.17487741e-01 2.47078706e-02 3.96995962e-01 -3.86845917e-02
    9.98880208e-01 2.72356234e-02 -3.95878494e-01 -4.03459780e-02
    9.17416155e-01</data></R_6>
<t_6 type_id="opencv-matrix">
  <rows>3</rows>
  <cols>1</cols>
  <dt>f</dt>
  <data>
    -1.19575262e+00 3.42782377e-03 1.94377288e-01</data></t_6>
<R_7 type_id="opencv-matrix">
  <rows>3</rows>
  <cols>3</cols>
  <dt>f</dt>
  <data>
    -9.99277830e-01 -7.80443149e-03 3.71868312e-02 1.44949611e-02
    -9.82966959e-01 1.83209911e-01 3.51235755e-02 1.83616638e-01
    9.82370257e-01</data></R_7>
<t_7 type_id="opencv-matrix">
  <rows>3</rows>
  <cols>1</cols>
  <dt>f</dt>
  <data>
    -2.48395711e-01 -7.42148817e-01 -5.65271997e+00</data></t_7>
<R_8 type_id="opencv-matrix">
  <rows>3</rows>
  <cols>3</cols>
  <dt>f</dt>
  <data>
    -8.80292833e-01 -3.88917655e-01 -2.71712393e-01 3.88996154e-01
    -2.63812810e-01 -8.82657826e-01 2.71600008e-01 -8.82692397e-01
    3.83519977e-01</data></R_8>
<t_8 type_id="opencv-matrix">
  <rows>3</rows>
  <cols>1</cols>
  <dt>f</dt>
  <data>
    5.00376701e+00 -1.68173981e+01 -2.63508209e+02</data></t_8>
<R_9 type_id="opencv-matrix">
  <rows>3</rows>
  <cols>3</cols>
  <dt>f</dt>
  <data>
    3.34298834e-02 6.13608845e-02 9.97555673e-01 -1.23298228e-01
    9.90742266e-01 -5.68098389e-02 -9.91806448e-01 -1.21097699e-01
    4.06860858e-02</data></R_9>
<t_9 type_id="opencv-matrix">
  <rows>3</rows>
  <cols>1</cols>
  <dt>f</dt>
  <data>
    -2.60256410e+00 1.74392998e-01 1.94092441e+00</data></t_9>
<R_10 type_id="opencv-matrix">
  <rows>3</rows>
  <cols>3</cols>
  <dt>f</dt>
  <data>
    6.65140033e-01 8.48210454e-02 -7.41885543e-01 -1.25181437e-01
    9.92133141e-01 1.20043545e-03 7.36151040e-01 9.20718387e-02
    6.70525491e-01</data></R_10>
<t_10 type_id="opencv-matrix">
  <rows>3</rows>
  <cols>1</cols>
  <dt>f</dt>
  <data>
    2.00410819e+00 -2.14625269e-01 3.76346320e-01</data></t_10>
</opencv_storage>
